     14 126 127
     15 353  74
     16 116  52
     85  33 310
     86 106  65
     89 360   0
     90 260   0
     91 245   0
     92 265   0
    187 353  74
    188 140 100
    231 353  74
    232 140 100
    287 353  74
    288 140 100
    295 353  74
    296 200 140
    327  13 134
    328 200 140
    355 353  74
    356 150 110
    363 353  74
    364 150 110
    371 353  74
    372 154 114
    379 353  74
    380 154 114
    507 353  74
    508 140 100
    523 353  74
    524 116  52
    539 353  74
    540 154 114
    543 353  74
    544 150 110
    639 353  74
    640 144 104
    679 353  74
    680 160 120
    739 353  74
    740 160 120
    743  13 134
    744 200 140
    751 353  74
    752 140 100
    755 353  74
    756 144 104
    759 353  74
    760 150 110
    763 353  74
    764 154 114
    883 353  74
    884 144 104
    891 353  74
    892 140 100
    895 353  74
    896 140 100
    939 353  74
    940 140 100
   6291 244 304
   6292  46  47
   6301  25  74
   6302 341  42
   6311 207 223
   6312 127  54
   6313 251 157
   6314 227 232
   6315 134 240
   6316 332  36
   6317 211  17
   6318 261 337
   6319  26 112
   6320 317 223
   6321  15 173
   6322 322 314
   6323 242 324
   6324  47 104
   6325 322 253
   6326 141 261
   6327  13  56
