  1 250 100
  2  45 200
  3   0 220
  5   1 100
  6   0 200
  7   4 230
  8 377   0
  9 152 100
 10   4 200
 11 346 150
 12 160   0
 13   0 100
 14 126  10
 15 353 140
 16 116   0
 17 202  74
 18   0  11
 19   0  20
 21 157  65
 22 160  51
 23 145   0
 24 156  37
 25 167   1
 26 162  11
 27 164 100
 28  55  45
 29 151  71
 30 156  10
 31 151   0
 32 164  37
 33 162 100
 34 141 210
 35 155 140
 36 146   0
 37 163   0
 38  56   0
 39 142   0
 40 151 300
 41 156 100
 42   0 200
 43   0 110
 45   0 100
 46   0 200
 47   0 130
 52   0 300
 53   0  74
 54   0  10
 55   0 202
 57   0  45
 58   0  10
 60   0 104
 61   0   4
 62   0  21
 64   0   1
 69   0   3
 70   0 350
 71   0 100
 72   0  43
 73   0  21
 76   0  34
 81   0  74
 82   0  11
 83   0 202
 85  33  45
 86 106  51
 89 360  74
 90 260  12
 91 245 202
 92 265 127
 93 100  45
 94 200 112
 95 220 355
 96   0 200
 97 100   1
 98 200  11
 99 230 100
100   0  41
101 100 215
102 200  13
103 150   0
105 100 255
106  10  53
107 140   0
109  74  41
110  11  51
111  20   0
112   0   4
113  65   1
114  51  52
115   0  10
116  37  52
117   1  24
118  11  40
119 100 377
120  45 373
121  71  41
124  37   4
125 100  74
126 210  10
127 140 202
